x=0
y=0
z=0
rx=10
ry=0
rz=0
fov=37.25
near=0.1
far=100
//m=-0.999059,0.015577,-0.040472,-0.0127,-0.016016,-0.999816,0.010544,0.1799,-0.040301,0.011183,0.999125,-0.0846

sceneResolutionScale=2